[gd_scene load_steps=12 format=3 uid="uid://cypax8bji6tw1"]

[ext_resource type="Script" uid="uid://w0qqggs3hjl2" path="res://Objects/Ship/ship.gd" id="1_r5d65"]
[ext_resource type="PackedScene" uid="uid://bggjyximn37e6" path="res://Objects/Boat/Assets/PenguinShip_WIP (1).blend" id="2_bcr36"]
[ext_resource type="PackedScene" uid="uid://cdwtcgl5bsf5f" path="res://Objects/Cannon/cannon.tscn" id="3_olgus"]

[sub_resource type="ConvexPolygonShape3D" id="ConvexPolygonShape3D_olgus"]
points = PackedVector3Array(-2.2, 3.425, -6.7, 0, 3.435, -10, 2.2, 3.395, -6.7, -1.805, 0, -4.59, 0, 0, -7.78, 1.8, 0, -4.515)

[sub_resource type="ConvexPolygonShape3D" id="ConvexPolygonShape3D_bcr36"]
points = PackedVector3Array(-2.2, 2.3, -6, 2.2, 2.3, -6, 3, 2.3, -3, -3, 2.3, -3, 3, 2.3, 2, -3, 2.3, 2, 2, 0, -5, -2, 0, 0, 2, 0, 2, -2, 0, -5, 2, 0, 0, -2, 0, 2)

[sub_resource type="ConvexPolygonShape3D" id="ConvexPolygonShape3D_82nb5"]
points = PackedVector3Array(3, 3.1, 2.2, -3, 3.1, 2.2, 2.4, 3.1, 4.3, -2.4, 3.1, 4.3, 0, 0, 1, 0, 0, 4.3)

[sub_resource type="ConvexPolygonShape3D" id="ConvexPolygonShape3D_u2lwu"]
points = PackedVector3Array(2.4, 3.8, 4.8, -2.4, 3.8, 4.8, 1.9, 4.1, 6.6, -1.9, 4.1, 6.6, 2.4, 0, 2, -2.4, 0, 2, 1.9, 0, 5, -1.9, 0, 5)

[sub_resource type="BoxShape3D" id="BoxShape3D_binhx"]
size = Vector3(1.1586914, 1.774449, 1)

[sub_resource type="BoxShape3D" id="BoxShape3D_olgus"]
size = Vector3(1.1586914, 2.348986, 1)

[sub_resource type="CapsuleShape3D" id="CapsuleShape3D_olgus"]
radius = 0.17773438
height = 3.6628418

[sub_resource type="NavigationMesh" id="NavigationMesh_0a1j2"]
vertices = PackedVector3Array(1.5, 3.25, 1.5, 2, 3.25, 1.5, 2.5, 3, 1.25, -2.5, 3, 1.25, -2, 3.25, 1.5, -1.5, 3.25, 1.5, -0.25, 3.75, -6.75, 0.25, 3.75, -6.75, 1.5, 3.75, -7.25, 0.25, 3.75, -9.25, -0.25, 3.75, -9.25, -1.5, 3.75, -7.25, 2.5, 2.75, -3.75, 0.25, 3, -5.25, -0.25, 3, -5.25, -0.16666651, 2.75, 1.416667, -0.5, 2.75, 1.5, -2.5, 2.75, -3.75, -2, 2.75, -5.5, 2, 2.75, -5.5, 2.5, 3.5, 2.5, 1.25, 3.5, 2.5, 1.5, 4, 4.25, 2, 4, 4.25, -2.5, 3.5, 2.5, -2, 4, 4.25, -1.5, 4, 4.25, -1.25, 3.5, 2.5, 1.25, 4.25, 5.25, 1.75, 4.5, 6, -1.25, 4.25, 5.25, -1.75, 4.5, 6)
polygons = [PackedInt32Array(1, 0, 2), PackedInt32Array(4, 3, 5), PackedInt32Array(6, 11, 7), PackedInt32Array(7, 11, 8), PackedInt32Array(8, 11, 10), PackedInt32Array(8, 10, 9), PackedInt32Array(14, 13, 12), PackedInt32Array(5, 15, 16), PackedInt32Array(16, 15, 0), PackedInt32Array(0, 15, 2), PackedInt32Array(5, 3, 15), PackedInt32Array(15, 3, 2), PackedInt32Array(2, 3, 17), PackedInt32Array(2, 17, 14), PackedInt32Array(2, 14, 12), PackedInt32Array(14, 6, 13), PackedInt32Array(13, 6, 7), PackedInt32Array(17, 18, 14), PackedInt32Array(13, 19, 12), PackedInt32Array(0, 1, 21), PackedInt32Array(21, 1, 20), PackedInt32Array(21, 20, 23), PackedInt32Array(21, 23, 22), PackedInt32Array(5, 27, 4), PackedInt32Array(4, 27, 24), PackedInt32Array(24, 27, 25), PackedInt32Array(25, 27, 26), PackedInt32Array(27, 21, 26), PackedInt32Array(26, 21, 22), PackedInt32Array(22, 23, 28), PackedInt32Array(28, 23, 29), PackedInt32Array(28, 29, 30), PackedInt32Array(30, 29, 31), PackedInt32Array(26, 30, 25), PackedInt32Array(25, 30, 31)]
geometry_parsed_geometry_type = 1

[node name="Ship" type="RigidBody3D"]
collision_layer = 2
collision_mask = 0
mass = 2000.0
linear_damp = 0.5
angular_damp = 0.1
script = ExtResource("1_r5d65")

[node name="Mesh" parent="." instance=ExtResource("2_bcr36")]
transform = Transform3D(-1, 0, -8.742278e-08, 0, 1, 0, 8.742278e-08, 0, -1, 0, 0, 0)

[node name="col_deck_fore" type="CollisionShape3D" parent="."]
shape = SubResource("ConvexPolygonShape3D_olgus")
debug_color = Color(0.972549, 0.16862746, 0, 1)

[node name="col_deck_main" type="CollisionShape3D" parent="."]
shape = SubResource("ConvexPolygonShape3D_bcr36")
debug_color = Color(0.972549, 0.16862746, 0, 1)

[node name="col_deck_helm" type="CollisionShape3D" parent="."]
shape = SubResource("ConvexPolygonShape3D_82nb5")
debug_color = Color(0.972549, 0.16862746, 0, 1)

[node name="col_deck_aft" type="CollisionShape3D" parent="."]
shape = SubResource("ConvexPolygonShape3D_u2lwu")
debug_color = Color(0.972549, 0.16862746, 0, 1)

[node name="col_stair_helm_L" type="CollisionShape3D" parent="."]
transform = Transform3D(-1, -7.413872e-08, 4.6327013e-08, 0, 0.52991927, 0.8480481, -8.742278e-08, 0.8480481, -0.52991927, -1.72, 2.202, 1.705)
shape = SubResource("BoxShape3D_binhx")
debug_color = Color(0.972549, 0.16862746, 0, 1)

[node name="col_stair_helm_R" type="CollisionShape3D" parent="."]
transform = Transform3D(-1, -7.413872e-08, 4.6327013e-08, 0, 0.52991927, 0.8480481, -8.742278e-08, 0.8480481, -0.52991927, 1.72, 2.202, 1.705)
shape = SubResource("BoxShape3D_binhx")
debug_color = Color(0.972549, 0.16862746, 0, 1)

[node name="col_stair_aft_R" type="CollisionShape3D" parent="."]
transform = Transform3D(-1, 7.5710346e-08, -4.3711385e-08, 0, 0.49999997, 0.86602545, 8.742278e-08, 0.86602545, -0.49999997, -1.712, 2.939, 4.292)
shape = SubResource("BoxShape3D_binhx")
debug_color = Color(0.972549, 0.16862746, 0, 1)

[node name="col_stair_aft_L" type="CollisionShape3D" parent="."]
transform = Transform3D(-1, 7.5710346e-08, -4.3711385e-08, 0, 0.49999997, 0.86602545, 8.742278e-08, 0.86602545, -0.49999997, 1.712, 2.938576, 4.2917285)
shape = SubResource("BoxShape3D_binhx")
debug_color = Color(0.972549, 0.16862746, 0, 1)

[node name="col_stair_Fore" type="CollisionShape3D" parent="."]
transform = Transform3D(-1, 7.4138704e-08, 4.6327017e-08, 0, -0.52991927, 0.848048, 8.742278e-08, 0.848048, 0.52991927, 0.066, 2.3709555, -5.9546423)
shape = SubResource("BoxShape3D_olgus")
debug_color = Color(0.972549, 0.16862746, 0, 1)

[node name="CollisionShape3D" type="CollisionShape3D" parent="."]
transform = Transform3D(1, 0, 0, 0, 1, 0, 0, 0, 1, 0, 4.2690177, -0.1626429)
shape = SubResource("CapsuleShape3D_olgus")
debug_color = Color(0.972549, 0.16862746, 0, 1)

[node name="CollisionShape3D2" type="CollisionShape3D" parent="."]
transform = Transform3D(1, 0, 0, 0, 1, 0, 0, 0, 1, 0, 4.2690177, -3.9383426)
shape = SubResource("CapsuleShape3D_olgus")
debug_color = Color(0.972549, 0.16862746, 0, 1)

[node name="CollisionShape3D3" type="CollisionShape3D" parent="."]
transform = Transform3D(1, 0, 0, 0, 1, 0, 0, 0, 1, 0, 4.8630576, 3.8717952)
shape = SubResource("CapsuleShape3D_olgus")
debug_color = Color(0.972549, 0.16862746, 0, 1)

[node name="Cannons" type="Node3D" parent="."]

[node name="Cannon" parent="Cannons" instance=ExtResource("3_olgus")]
transform = Transform3D(-4.371139e-08, -0.034899496, -0.99939084, 0, 0.99939084, -0.034899496, 1, -1.5255054e-09, -4.368476e-08, 2.2, 2.4, -1.6)

[node name="Cannon2" parent="Cannons" instance=ExtResource("3_olgus")]
transform = Transform3D(-4.371139e-08, 0.034899496, 0.99939084, 0, 0.99939084, -0.034899496, -1, -1.5255054e-09, -4.368476e-08, -2.2, 2.4, -1.6)

[node name="Cannon3" parent="Cannons" instance=ExtResource("3_olgus")]
transform = Transform3D(-1, -3.0510108e-09, -8.736952e-08, 0, 0.99939084, -0.034899496, 8.742278e-08, -0.034899496, -0.99939084, 0, 4.105, 6)

[node name="Cannon4" parent="Cannons" instance=ExtResource("3_olgus")]
transform = Transform3D(1, 0, 0, 0, 0.99939084, -0.034899496, 0, 0.034899496, 0.99939084, 0, 3.4218335, -8.199997)

[node name="NavigationRegion3D" type="NavigationRegion3D" parent="."]
visible = false
navigation_mesh = SubResource("NavigationMesh_0a1j2")

[node name="NavigationObstacle3D" type="NavigationObstacle3D" parent="NavigationRegion3D"]
transform = Transform3D(1, 0, 0, 0, 1, 0, 0, 0, 1, 0, 4.2690177, -3.9383426)
radius = 0.17773438
height = 3.66

[node name="NavigationObstacle3D2" type="NavigationObstacle3D" parent="NavigationRegion3D"]
transform = Transform3D(1, 0, 0, 0, 1, 0, 0, 0, 1, 0, 4.2690177, -0.1626429)
radius = 0.17773438
height = 3.66

[node name="NavigationObstacle3D3" type="NavigationObstacle3D" parent="NavigationRegion3D"]
transform = Transform3D(1, 0, 0, 0, 1, 0, 0, 0, 1, 0, 4.8630576, 3.8717952)
radius = 0.17773438
height = 3.66
