[gd_scene load_steps=9 format=3 uid="uid://cejfc7tvn1ht1"]

[ext_resource type="Environment" uid="uid://41bc3bbo448b" path="res://Testing_World_Environment.tres" id="1_b55i6"]
[ext_resource type="Script" uid="uid://dwtgplk7q0u1q" path="res://Scripts/Standalone/sea.gd" id="1_th68x"]
[ext_resource type="PackedScene" uid="uid://b5rlswtae1s6h" path="res://Objects/IceBerg/spawner.tscn" id="2_haa73"]
[ext_resource type="PackedScene" uid="uid://u8ioaod5e2a3" path="res://Player/Player.tscn" id="3_b55i6"]
[ext_resource type="PackedScene" uid="uid://cypax8bji6tw1" path="res://Objects/Ship/ship.tscn" id="3_n3hra"]
[ext_resource type="PackedScene" uid="uid://70br035sa0ey" path="res://DEBUG/prop_crate.tscn" id="6_du6cx"]
[ext_resource type="PackedScene" uid="uid://b1nfl17a80wwi" path="res://Enemy/Sealion/sealion.tscn" id="7_50fuq"]

[sub_resource type="CylinderMesh" id="CylinderMesh_n3hra"]
height = 19.46

[node name="TestingLevel" type="Node3D"]
script = ExtResource("1_th68x")

[node name="DirectionalLight3D" type="DirectionalLight3D" parent="."]
transform = Transform3D(-0.8472238, -0.46006384, 0.26561794, -0.2411595, 0.7785889, 0.5793456, -0.4733432, 0.42677903, -0.7705881, 0, 0, 0)
shadow_enabled = true

[node name="WorldEnvironment" type="WorldEnvironment" parent="."]
environment = ExtResource("1_b55i6")

[node name="MeshInstance3D" type="MeshInstance3D" parent="."]
transform = Transform3D(1, 0, 0, 0, 1, 0, 0, 0, 1, 8.46512, 0, -12.309639)
mesh = SubResource("CylinderMesh_n3hra")

[node name="Player" parent="." instance=ExtResource("3_b55i6")]
transform = Transform3D(-0.9847076, 0, 0.1742153, 0, 1, 0, -0.1742153, 0, -0.9847076, -0.18236256, 2.3108716, -3.4974113)
wall_min_slide_angle = 1.0471976
speed = 2.5

[node name="Ship" parent="." instance=ExtResource("3_n3hra")]

[node name="PathFollow3D" parent="Ship/SealionLeftPath" index="0"]
transform = Transform3D(0.7104448, 6.210905e-08, 0.70376, 8.742278e-08, -1, -7.105498e-15, 0.70375293, 6.152405e-08, -0.7104519, 1.4330935, 0, -4.23307)

[node name="PathFollow3D" parent="Ship/SealionRightPath" index="0"]
transform = Transform3D(0.7104448, 6.210905e-08, 0.7037599, 8.742278e-08, -1, -7.105497e-15, 0.70375293, 6.152405e-08, -0.71045184, 1.4330935, 0, -4.23307)

[node name="Spawner" parent="Ship" node_paths=PackedStringArray("boat") instance=ExtResource("2_haa73")]
transform = Transform3D(1, 0, 0, 0, 1, 0, 0, 0, 1, 0, 1.6560805, 0)
boat = NodePath("..")

[node name="Prop_Crate" parent="Ship" instance=ExtResource("6_du6cx")]
transform = Transform3D(1, 0, 0, 0, 1, 0, 0, 0, 1, 2.3845735, 2.2756267, -3.1098971)

[node name="Sealion" parent="." node_paths=PackedStringArray("target") instance=ExtResource("7_50fuq")]
transform = Transform3D(1, 0, 0, 0, 1, 0, 0, 0, 1, 21.092077, 1.5236425, 28.630964)
target = NodePath("../Player")

[editable path="Ship"]
[editable path="Ship/Mesh"]
